Number of Nodes, Number of Servers
13 13
Nodes
0 S:0 1 0
1 S:1 0 0
2 S:2 11 0
3 S:3 7 0
4 S:4 8 0
5 S:5 8 0
6 S:6 4 0
7 S:7 3 0
8 S:8 6 0
9 S:9 8 0
10 S:10 2 0
11 S:11 3 0
12 S:12 8 0
EDGES
0 12 1000
0 11 1000
0 10 1000
0 9 1000
0 8 1000
0 7 1000
0 6 1000
0 5 1000
0 4 1000
0 3 1000
0 2 1000
0 1 1000
1 12 1000
1 11 1000
1 10 1000
1 9 1000
1 8 1000
1 7 1000
1 6 1000
1 5 1000
1 4 1000
1 3 1000
1 2 1000
2 12 1000
2 11 1000
2 10 1000
2 9 1000
2 8 1000
2 7 1000
2 6 1000
2 5 1000
2 4 1000
2 3 1000
3 12 1000
3 11 1000
3 10 1000
3 9 1000
3 8 1000
3 7 1000
3 6 1000
3 5 1000
3 4 1000
4 12 1000
4 11 1000
4 10 1000
4 9 1000
4 8 1000
4 7 1000
4 6 1000
4 5 1000
5 12 1000
5 11 1000
5 10 1000
5 9 1000
5 8 1000
5 7 1000
5 6 1000
6 12 1000
6 11 1000
6 10 1000
6 9 1000
6 8 1000
6 7 1000
7 12 1000
7 11 1000
7 10 1000
7 9 1000
7 8 1000
8 12 1000
8 11 1000
8 10 1000
8 9 1000
9 12 1000
9 11 1000
9 10 1000
10 12 1000
10 11 1000
11 12 1000
